1:
1:146,
2:713,
3:174,
4:82,
5:16,
6:39,
7:48,
8:67,
9:31,
10:44,
11:46,
12:28,
13:58,
14:24,
15:34,
20:24,
25:19,
30:81,
40:631,
50:27,
100:327,
200:103,
2:
1:452,101,
2:91,211,
3:32,188,
4:136,111,
5:70,94,
6:79,38,
7:99,156,
8:30,169,
9:14,64,
10:13,36,
11:84,41,
12:39,30,
13:77,73,
14:70,40,
15:32,32,
20:79,22,
25:20,146,
30:61,62,
40:124,19,
50:97,94,
100:428,81,
200:183,593,
3:
1:176,123,65,
2:179,197,135,
3:65,106,154,
4:77,75,76,
5:59,74,40,
6:36,38,81,
7:83,51,124,
8:84,128,17,
9:31,103,90,
10:24,34,52,
11:117,102,35,
12:55,83,56,
13:38,41,56,
14:184,157,66,
15:148,42,33,
20:125,29,26,
25:47,54,90,
30:70,101,185,
40:49,237,251,
50:112,21,86,
100:1097,1136,90,
200:268,627,2165,
4:
1:289,181,266,77,
2:131,99,120,89,
3:91,50,99,149,
4:50,79,68,121,
5:79,100,99,48,
6:42,44,89,44,
7:18,51,109,70,
8:67,42,36,33,
9:81,23,124,139,
10:92,49,13,31,
11:185,58,99,84,
12:57,76,72,37,
13:46,128,160,71,
14:47,81,87,45,
15:36,126,79,79,
20:31,93,132,109,
25:78,24,246,67,
30:64,250,75,123,
40:531,241,66,317,
50:252,109,27,115,
100:93,332,326,792,
200:66,643,1370,76,
5:
1:107,115,170,29,166,
2:56,200,84,60,181,
3:82,32,383,63,100,
4:119,54,57,84,79,
5:63,45,55,57,60,
6:85,41,71,20,48,
7:43,24,40,128,34,
8:32,34,71,38,24,
9:12,101,46,51,68,
10:184,45,164,26,57,
11:37,14,26,63,74,
12:29,53,77,94,66,
13:58,22,93,90,59,
14:43,47,51,108,75,
15:37,104,34,131,99,
20:50,106,63,58,111,
25:33,52,94,98,104,
30:86,36,49,207,59,
40:223,74,201,131,98,
50:95,96,22,111,25,
100:90,99,91,89,14,
200:108,2476,1033,967,58,
10:
1:313,389,47,266,273,283,264,423,117,280,
2:27,150,130,230,216,28,93,120,102,353,
3:333,47,229,174,80,343,116,166,156,27,
4:52,52,76,95,84,118,78,24,93,19,
5:89,302,205,70,98,98,64,49,48,66,
6:35,70,43,41,218,46,29,94,112,45,
7:36,28,60,37,82,223,62,87,41,39,
8:27,46,82,56,31,53,29,58,74,136,
9:55,38,25,86,45,59,61,55,107,23,
10:22,26,73,71,36,26,72,33,28,48,
11:73,30,87,52,91,68,49,129,67,64,
12:50,45,84,114,69,36,30,43,134,90,
13:58,42,57,117,77,133,31,93,61,208,
14:65,76,67,71,60,43,45,116,49,51,
15:144,85,32,120,72,34,76,33,68,70,
20:111,33,63,96,19,164,102,58,51,128,
25:73,112,66,64,102,19,57,194,89,103,
30:102,82,32,77,262,87,83,71,89,58,
40:145,187,226,133,131,27,314,215,263,240,
50:205,709,60,65,371,419,128,116,204,63,
100:90,625,682,20,908,726,85,99,85,274,
200:1349,109,369,170,254,274,74,271,114,22,
25:
1:171,345,191,195,163,208,444,248,316,256,184,69,266,52,403,261,181,229,223,297,606,186,109,227,172,
2:43,143,108,67,101,201,64,149,181,130,223,96,99,25,209,604,487,127,94,213,215,123,72,212,27,
3:69,147,156,96,99,29,51,155,18,38,96,24,243,145,98,148,132,124,76,156,68,70,92,146,81,
4:51,55,75,119,87,27,60,15,51,20,80,75,113,120,119,119,98,19,30,69,116,49,16,428,57,
5:89,47,78,85,142,79,45,66,82,72,16,58,73,109,87,50,47,18,109,44,58,57,174,30,61,
6:55,16,46,31,40,42,38,17,187,105,225,26,59,92,17,94,27,34,88,23,39,87,41,50,30,
7:37,71,48,61,97,37,142,55,110,46,46,70,42,48,85,28,56,39,51,45,79,191,169,118,40,
8:55,42,69,35,34,75,45,57,138,36,65,61,21,66,39,40,36,19,83,63,32,17,32,83,41,
9:108,44,97,37,31,18,112,46,56,81,60,53,48,44,207,34,36,33,112,73,98,31,136,161,110,
10:18,61,81,51,74,61,46,93,135,68,37,28,27,167,143,49,17,136,50,72,37,41,177,179,94,
11:194,64,60,77,56,47,59,62,66,65,20,82,21,79,19,79,80,44,64,193,27,38,71,62,93,
12:73,23,122,73,65,80,76,55,31,43,56,53,79,81,133,64,36,165,55,33,116,49,54,177,65,
13:56,109,69,86,103,68,130,61,28,90,78,75,59,60,81,97,54,64,55,57,66,60,96,12,52,
14:100,33,26,30,43,44,46,55,29,169,23,32,88,70,168,13,37,106,155,163,89,39,75,77,107,
15:61,38,49,106,34,172,194,160,45,145,119,74,102,31,54,65,53,52,126,112,42,53,193,73,72,
20:83,154,106,54,51,32,57,64,18,83,82,290,16,57,139,45,51,78,52,81,47,53,83,42,43,
25:61,31,58,120,107,65,20,29,22,55,60,50,122,125,56,20,62,30,31,104,20,14,55,53,97,
30:65,141,94,56,99,54,145,94,65,83,37,74,62,76,323,124,76,95,40,88,17,116,66,34,13,
40:37,68,225,23,24,28,72,125,89,103,368,37,360,822,37,48,129,236,191,322,42,302,84,93,83,
50:63,425,168,164,361,60,79,68,79,47,327,108,31,113,1832,270,616,349,192,36,326,139,172,247,316,
100:20,92,55,570,307,363,658,630,373,15,393,101,87,85,480,82,99,405,382,471,92,121,221,148,86,
200:1134,976,120,139,133,277,643,213,111,224,781,1340,616,109,326,133,736,492,37,671,1003,984,620,770,222,